7732239
1442      0.025669
2884      0.051127
4326      0.076208
5768      0.101436
7210      0.126039
8652      0.151635
10094      0.158424
11536      0.165719
12978      0.173078
15862      0.188026
17304      0.195072
18746      0.202844
21630      0.236176
23072      0.252685
24514      0.269204
25956      0.285851
27398      0.302829
28840      0.310528
31724      0.324676
34608      0.339339
36050      0.346624
37492      0.35312
40376      0.367406
41818      0.374958
44702      0.389069
46144      0.396162
47586      0.403071
50470      0.416916
53354      0.429659
54796      0.435731
57680      0.448694
59122      0.455061
62006      0.468658
63448      0.475429
66332      0.488438
67774      0.494704
70658      0.507686
72100      0.514043
74984      0.527181
76426      0.533639
93730      0.543883
109592      0.553548
126896      0.564325
142758      0.573925
160062      0.584941
175924      0.594394
191786      0.603315
269654      0.612557
346080      0.622103
423948      0.632383
500374      0.642278
576800      0.652062
654668      0.661975
731094      0.672017
808962      0.681893
885388      0.691806
961814      0.702013
1058428      0.712624
1155042      0.722712
1250214      0.731899
1346828      0.742262
1442000      0.75189
1538614      0.762327
1635228      0.771983
1730400      0.782888
1827014      0.792507
1922186      0.802292
2210586      0.812177
2498986      0.822283
2787386      0.831994
3075786      0.842366
3364186      0.851755
3652586      0.861659
3940986      0.871765
4229386      0.881265
4517786      0.891068
4806186      0.901008
11537442      0.911041
13459628      0.920954
15381814      0.930894
17305442      0.941074
19227628      0.950766
21149814      0.960348
23073442      0.97039
24995628      0.980266
26917814      0.990593
28840000      1.0
