11050
51      0.007997
52      0.022998
53      0.037988
54      0.051986
55      0.065981
56      0.078962
57      0.090967
58      0.102973
59      0.114975
60      0.125979
61      0.136981
62      0.14798
63      0.157976
64      0.167979
65      0.177977
66      0.186956
67      0.195953
68      0.204943
69      0.213954
71      0.229946
72      0.237955
73      0.244955
75      0.259945
76      0.266953
77      0.273949
79      0.286953
81      0.298958
82      0.304953
84      0.316968
86      0.327982
88      0.338964
90      0.348956
92      0.357955
94      0.367955
96      0.375966
99      0.388969
101      0.396969
104      0.40797
107      0.418966
110      0.428972
113      0.438987
116      0.447983
120      0.458976
124      0.469972
128      0.47998
132      0.489977
136      0.497979
141      0.508989
147      0.520006
152      0.529004
158      0.539002
165      0.549991
172      0.560001
180      0.569987
189      0.579986
198      0.589976
209      0.599969
220      0.609977
233      0.619975
248      0.629975
265      0.639979
284      0.649978
306      0.659965
331      0.66996
362      0.679962
398      0.689962
443      0.699961
499      0.709967
571      0.719972
667      0.729988
803      0.739984
1002      0.749987
1061      0.759978
1128      0.769969
1203      0.779964
1290      0.789977
1389      0.799985
1506      0.809989
1644      0.819993
1809      0.829981
2012      0.839986
2266      0.849994
2593      0.859976
3030      0.869984
3645      0.879988
4572      0.889985
6134      0.899982
7245      0.904983
7607      0.909988
8006      0.914982
8450      0.919982
8946      0.924978
9503      0.929978
10135      0.934974
10857      0.939975
11689      0.944975
12659      0.949975
13806      0.954974
15180      0.959972
16858      0.964971
18954      0.96998
21645      0.974983
25226      0.979985
30226      0.984991
37700      0.989996
50083      0.994996
316228      1.0
