535265
130      0.010534
227      0.020248
248      0.030585
271      0.041
297      0.050914
303      0.060522
308      0.077579
310      0.086014
313      0.094571
315      0.103123
318      0.111692
321      0.120252
326      0.137317
331      0.143878
335      0.150378
345      0.163437
350      0.169892
360      0.182989
371      0.196026
376      0.202497
395      0.210648
420      0.220855
435      0.231116
452      0.243298
463      0.251498
480      0.2638
491      0.28328
502      0.302913
513      0.322484
525      0.342003
537      0.361602
549      0.381176
561      0.400809
574      0.420318
587      0.439915
600      0.459449
607      0.465231
615      0.470998
630      0.482518
646      0.493975
662      0.505514
671      0.51127
685      0.52062
702      0.531167
719      0.541721
737      0.552343
762      0.56206
787      0.571807
825      0.581115
885      0.591583
960      0.600881
1063      0.611964
1177      0.621195
1303      0.630797
1425      0.640487
1559      0.651298
1624      0.661552
1865      0.670677
2862      0.680705
4582      0.690962
6387      0.701231
10373      0.711246
31946      0.721685
36844      0.730934
40382      0.74206
42493      0.75142
44531      0.760916
45913      0.771049
47435      0.782953
48609      0.794082
49408      0.801493
50632      0.812703
57684      0.820854
69014      0.831248
74266      0.840519
77041      0.851297
79595      0.863159
81565      0.872051
91238      0.880405
104584      0.890617
120373      0.900788
141975      0.910945
167112      0.920347
197911      0.93052
228718      0.940707
273075      0.950906
406302      0.960108
832442      0.970359
1660940      0.980493
3430822      0.990908
10000000      1.0
