587
1      0.00583
2      0.184006
3      0.276413
4      0.276593
5      0.304
6      0.30465
7      0.310715
8      0.310945
9      0.319318
10      0.327693
11      0.41757
12      0.41849
13      0.421752
14      0.44156
15      0.47124
16      0.473695
18      0.478561
20      0.483362
22      0.488108
25      0.495119
28      0.502
31      0.508756
35      0.517574
39      0.526179
44      0.536641
49      0.546796
55      0.558595
61      0.569978
68      0.582759
76      0.596749
85      0.611748
95      0.627541
107      0.645376
119      0.66207
133      0.680254
149      0.699441
167      0.719219
186      0.738237
208      0.758157
233      0.778383
260      0.797757
291      0.817292
325      0.835898
364      0.854227
406      0.870999
454      0.887138
508      0.902207
568      0.915936
635      0.928365
710      0.939504
794      0.949383
887      0.957937
992      0.965416
1109      0.97178
1240      0.977172
1386      0.98166
1550      0.985392
1733      0.988444
1937      0.990912
2166      0.992909
2421      0.994495
2707      0.995754
3027      0.996741
3384      0.997512
3783      0.998108
4229      0.998567
4729      0.99892
5286      0.999189
5910      0.999392
6608      0.999546
7388      0.999662
8259      0.999749
9234      0.999814
10324      0.999863
11542      0.999899
12904      0.999925
16129      0.999959
25198      0.999988
49208      0.999998
96093      0.999999
293173      0.999999
572511      0.999999
1000000      1.0
