11666
3      0.064862
32      0.097294
36      0.10889
40      0.120494
46      0.132077
53      0.143671
64      0.15526
70      0.187949
77      0.220665
85      0.25337
96      0.286094
110      0.318824
128      0.351519
137      0.369806
146      0.388115
158      0.406407
171      0.424696
186      0.442995
205      0.461292
228      0.479579
256      0.49787
268      0.523989
282      0.550068
296      0.576151
313      0.602231
331      0.628326
352      0.654427
375      0.68051
402      0.706597
433      0.732716
469      0.758807
512      0.784903
531      0.790493
573      0.801689
597      0.807278
623      0.812871
683      0.824052
717      0.829638
755      0.835238
796      0.840829
843      0.846428
956      0.857595
1053      0.865721
1117      0.870797
1189      0.875874
1271      0.880947
1317      0.883476
1418      0.888549
1475      0.891085
1603      0.896161
1755      0.901232
2137      0.911014
2341      0.915359
2657      0.920794
3511      0.930577
4535      0.940603
5521      0.950077
7256      0.960488
9078      0.968258
10335      0.972739
13435      0.980199
16861      0.985003
21984      0.987595
25170      0.988674
30468      0.989965
40018      0.991425
45220      0.991966
50244      0.992383
55146      0.992715
60293      0.993002
65902      0.993296
70217      0.993767
75137      0.994246
80248      0.994673
85482      0.995059
90049      0.995362
95133      0.995664
100825      0.995965
110247      0.996394
120372      0.996781
129632      0.997085
140605      0.997307
150160      0.997465
160275      0.997611
170901      0.997745
180895      0.997858
190944      0.997958
200864      0.998049
249460      0.998385
300435      0.998717
350288      0.998977
401080      0.999176
450652      0.999327
501350      0.999448
603313      0.999564
701172      0.999627
805723      0.999678
907174      0.999716
1008790      0.999746
5114695      0.999964
10668901      0.999993
20000000      1.0
