1407
2      0.075585
3      0.132287
4      0.151192
8      0.170093
32      0.188981
34      0.202724
36      0.216466
38      0.230209
40      0.243957
43      0.257698
46      0.27145
49      0.285203
53      0.298945
58      0.312694
64      0.326444
67      0.327974
71      0.329501
75      0.331026
80      0.33255
85      0.334076
91      0.335601
98      0.337126
107      0.338654
116      0.340181
128      0.341704
135      0.353909
142      0.366128
151      0.378346
160      0.390562
171      0.40277
183      0.414981
197      0.427199
213      0.439418
233      0.451627
256      0.463844
269      0.508501
284      0.553157
301      0.597804
320      0.64246
341      0.687122
366      0.731778
394      0.776433
427      0.821106
465      0.865758
512      0.91041
539      0.91518
569      0.919951
602      0.924724
640      0.92949
683      0.934259
731      0.939026
788      0.943798
853      0.948568
931      0.953337
1024      0.958104
1078      0.960393
1365      0.969554
2048      0.981005
3151      0.991021
4096      0.99532
5120      0.99656
6302      0.997492
7447      0.998114
8192      0.998424
9102      0.998519
10240      0.998614
11703      0.99871
12603      0.998758
13653      0.998805
14895      0.998853
16384      0.998901
17246      0.998925
18204      0.998948
19275      0.998972
20480      0.998997
25206      0.999068
29789      0.999116
34493      0.999161
40960      0.999224
46811      0.999266
50412      0.999286
54613      0.999307
59578      0.999328
65536      0.999349
72818      0.999453
81920      0.999557
93623      0.999662
100825      0.999714
119156      0.999818
137971      0.999881
163840      0.999913
187246      0.999934
201649      0.999944
262144      0.999975
308405      0.999977
403298      0.99998
524288      0.999982
1071908      0.999993
3529904      1.0
